   2.6291442e+00   4.4928334e+02
   2.2694162e+01   7.9924910e+02
   2.7222021e+01   6.1766562e+02
   3.0772768e+01   9.3003183e+02
   3.0946351e+01   3.3991731e+02
   3.3434073e+01   2.6855848e+02
   3.6557134e+01   9.9745365e+02
   3.9452436e+01   6.2629364e+02
   4.5645195e+01   2.8456327e+02
   5.1222767e+01   8.2345196e+02
   5.5599006e+01   3.7605555e+02
   5.7051310e+01   4.0071816e+02
   6.2754927e+01   6.3091081e+02
   6.9764737e+01   3.8971679e+02
   8.8068645e+01   7.7089309e+02
   9.9325578e+01   5.7045310e+02
   1.0238891e+02   8.6360945e+01
   1.1031507e+02   6.0816566e+02
   1.1199069e+02   9.9010537e+02
   1.2801902e+02   6.4433811e+02
   1.2983911e+02   6.0255462e+02
   1.3015880e+02   9.8752676e+02
   1.3114440e+02   1.8763930e+02
   1.3145998e+02   8.0554009e+02
   1.3256377e+02   3.1331324e+02
   1.4315444e+02   4.6589534e+02
   1.4846947e+02   2.2435585e+02
   1.5570939e+02   8.0072192e+02
   1.6172299e+02   9.2511083e+02
   1.6231963e+02   2.7118026e+02
   1.6451240e+02   9.6283243e+02
   1.6761734e+02   5.9931255e+02
   1.8347538e+02   6.3709576e+02
   1.8544688e+02   4.8273746e+02
   1.8615442e+02   5.8373890e+01
   1.8663536e+02   8.6491954e+02
   1.8709692e+02   7.8830635e+02
   1.8715396e+02   2.9423951e+02
   1.9246159e+02   2.2942517e+02
   1.9764939e+02   2.0586347e+02
   1.9770080e+02   7.7513900e+01
   2.0066720e+02   7.6790722e+02
   2.1007336e+02   9.9863603e+02
   2.1523127e+02   6.9220640e+02
   2.2389855e+02   9.2761015e+02
   2.3332163e+02   9.9165478e+02
   2.3716723e+02   1.0605791e+02
   2.4251697e+02   3.7722267e+02
   2.4427231e+02   5.7753316e+02
   2.4974003e+02   6.1906171e+02
   2.5243886e+02   6.6828818e-01
   2.5898713e+02   8.3009447e+02
   2.6282926e+02   5.3738927e+02
   2.6678320e+02   9.0926370e+02
   2.9136229e+02   3.7722719e+02
   2.9831150e+02   2.2720795e+02
   3.0571176e+02   4.0486434e+02
   3.1725274e+02   7.5299379e+02
   3.2757172e+02   6.2432770e+02
   3.3239738e+02   7.2050931e+02
   3.3655913e+02   3.4069310e+02
   3.4083828e+02   5.9730673e+02
   3.4177286e+02   3.8253222e+02
   3.4435309e+02   7.3787524e+02
   3.4793403e+02   8.3912882e+02
   3.5141705e+02   2.6171515e+02
   3.5216085e+02   5.7292257e+02
   3.5449329e+02   5.8724607e+02
   3.6429261e+02   9.8120423e+02
   3.9176814e+02   2.0236047e+02
   3.9301992e+02   9.6369831e+02
   3.9531766e+02   7.9898450e+02
   4.0471338e+02   5.9692481e+02
   4.0718040e+02   6.7966817e+02
   4.1499953e+02   4.3844725e+02
   4.1660211e+02   2.4808591e+02
   4.2207606e+02   8.3832749e+01
   4.2288822e+02   3.7985704e+02
   4.4126870e+02   9.3867970e+02
   4.4254113e+02   8.2352260e+01
   4.4919830e+02   8.5971765e+02
   4.5661639e+02   7.3984245e+01
   4.5730959e+02   1.9483794e+02
   4.6061628e+02   9.9230316e+02
   4.6167986e+02   1.1146933e+01
   4.6248882e+02   6.6802915e+02
   4.7020865e+02   9.6380477e+01
   4.7343802e+02   8.5608546e+02
   4.7419513e+02   3.4143298e+02
   4.7639460e+02   7.5545709e+01
   4.8099258e+02   4.0628375e+02
   4.9288112e+02   4.8965521e+02
   5.0294291e+02   8.9375232e+02
   5.0557545e+02   9.5899857e+02
   5.0567877e+02   4.3239681e+02
   5.0883138e+02   3.5326856e+02
   5.1304709e+02   2.8037565e+02
   5.1421797e+02   7.2268393e+02
   5.1973712e+02   4.5515202e+02
   5.2947335e+02   2.5703134e+02
   5.3097998e+02   2.2646247e+02
   5.3229807e+02   5.8434065e+02
   5.3328773e+02   9.2970333e+01
   5.3541922e+02   6.5306185e+02
   5.3618889e+02   7.1901864e+02
   5.3958152e+02   8.4970367e+02
   5.4057565e+02   6.9196955e+02
   5.4434696e+02   8.8404737e+02
   5.6426101e+02   3.9646119e+02
   5.6715660e+02   4.3921261e+02
   5.6769337e+02   1.7904264e+02
   5.7749891e+02   1.6106177e+02
   5.7757736e+02   2.6867729e+02
   5.7789613e+02   5.7540525e+02
   5.7807635e+02   7.5599098e+02
   5.8091772e+02   6.9199597e+02
   5.8504790e+02   9.7480129e+02
   5.8657526e+02   3.7090963e+02
   5.9220433e+02   9.9978301e+02
   5.9476678e+02   4.7973344e+02
   6.0311977e+02   2.4323326e+02
   6.1129553e+02   8.6948028e+02
   6.2037613e+02   9.2432637e+02
   6.2040945e+02   3.7369340e+01
   6.2754452e+02   2.7604781e+02
   6.3047876e+02   5.1522563e+01
   6.3174689e+02   8.6608714e+02
   6.3698819e+02   4.8389758e+02
   6.4386341e+02   2.0497860e+02
   6.5013670e+02   9.3932095e+02
   6.5546034e+02   2.8909012e+02
   6.5619037e+02   3.9085409e+02
   6.5910400e+02   7.6265535e+02
   6.6066060e+02   8.8444260e+02
   6.6245090e+02   2.4913777e+02
   6.6608965e+02   7.0826459e+02
   6.6926626e+02   1.8995788e+02
   6.7077535e+02   3.8387554e+02
   6.7586747e+02   9.5168300e+02
   6.7766136e+02   2.9652057e+02
   6.8559308e+02   4.4568453e+02
   6.9168240e+02   2.7708224e+01
   6.9682308e+02   2.8012414e+02
   6.9980841e+02   8.4538602e+02
   7.1488726e+02   2.3778336e+02
   7.4312274e+02   8.7238161e+01
   7.4614210e+02   9.6984926e+02
   7.4968811e+02   3.5794662e+02
   7.5518718e+02   9.8192528e+02
   7.5942037e+02   3.2868998e+02
   7.6104306e+02   5.6768224e+02
   7.6431141e+02   6.7682938e+02
   7.6694755e+02   2.9623074e+02
   7.7061226e+02   5.4907461e+02
   7.7518730e+02   1.7329585e+01
   7.8912500e+02   9.7079373e+02
   8.0038494e+02   5.7195079e+02
   8.0507721e+02   7.4197072e+02
   8.1344127e+02   4.1463359e+02
   8.1469312e+02   3.5572989e+02
   8.2131973e+02   5.0291174e+02
   8.2350121e+02   9.1654210e+02
   8.2813440e+02   6.9519947e+02
   8.3149274e+02   8.2432015e+02
   8.3574478e+02   8.5408776e+02
   8.3674743e+02   6.8237980e+01
   8.3865409e+02   7.9275409e+02
   8.4795918e+02   7.0909151e+02
   8.4910343e+02   5.7999281e+02
   8.5152003e+02   5.1995205e+01
   8.6054883e+02   4.8546399e+02
   8.6274793e+02   6.2233155e+02
   8.6596376e+02   3.3190974e+02
   8.7118786e+02   8.9906705e+02
   8.7149449e+02   9.2388583e+02
   8.7342765e+02   3.0909171e+02
   8.8525980e+02   6.8612646e+02
   8.8775873e+02   1.8217418e+02
   8.9807755e+02   5.7437906e+02
   9.0267545e+02   3.8949554e+02
   9.0619100e+02   2.1493368e+02
   9.1111745e+02   1.9505108e+02
   9.2839302e+02   4.6756417e+02
   9.3656373e+02   2.8986813e+02
   9.3764189e+02   2.1401237e+02
   9.4066732e+02   4.5737429e+02
   9.4851610e+02   6.7285696e+01
   9.5567080e+02   8.6972830e+02
   9.5830078e+02   8.1113642e+02
   9.5969708e+02   6.8276922e+02
   9.6354853e+02   3.6242487e+02
   9.6652645e+02   2.0792711e+02
   9.6677405e+02   2.2671974e+02
   9.6947032e+02   8.7683459e+02
   9.8077966e+02   9.8791179e+02
   9.8235871e+02   6.7255030e+02
   9.8345079e+02   9.4900952e+02
   9.8885792e+02   4.2498348e+02
   9.9262590e+02   4.4630509e+02
   9.9834113e+02   3.8162214e+02
